innnx NOMINUM. 1011

179, 279, 297, 299, 299, 299, 999, 929, 197,
ω3ῌ3333

93331933,333133 93 131313, 272, 279, 991, 911.

9339331133 93 landriano, 797 .

9313113, uxor notandi de 11333131, 999.

93333933133, rex, 999.

93133931, tentis, 799.

9313193133, 133113, 799.

9319339911, 39933 Sanctae christinae, 999.

93113193 113331, 299.

9313111931, abbas de 1333139, 999, 971, 979,

9313319111, dux Κ331391133,271, 277, 299, 291,
mwmmffimmmm
311, 313, 333, 333, 333, 333, 331, 331, 333,
enmmmfflfflfflwmn
997, 792, 791, 797, 791, 799, 799, 791, 791,

9311131933, freter praedinterum, 919.

9331133933, 11311131 notarius, 129, 129.

9311131933 1133113 0333331, 999, 999.

9311333933 93 013313, 199.

9311393333, Spirensis epinmpm, 999.

Beroaldus 93 03313313, notariae 93 93933,191.

931193, 333133931339133, 999, 331. 1.

933193, uxor Burmanni 91311 anguilla, 929, 927.

9319131913, 3313133393 1331313393, 271, 279,

mmmmmmmmm·

331, 333, 333, nee, 313, 331, 313, 313, 331,
mmmmmmmfflm
mmmmmffinfflm
3311131135 ζ praepositus 3333133 33131333 in
nefffffiafflnux Spoleti, 999 31 331. 1.
9311931933 93 Nisae, 999.
9311131933, 133133931333 93 1131333, 722.
9311931933 8331313333 3133 83131393, 999, 979,
1311131111 ’33 3331331333, en.
933131933, 133339333313 episeopus, 999, 979,
mnmnmmmnmw
797, 911, 919, 929, 929 31331. a.
933131933,93131333313 episeopus, 297, 299, 279,
mmmmmmm
misegone, 33}ae 9113933313133313 333 93 Uter·
Bertnidae: dux· 9313331133, 33313913 1311133, 791.
9311319133, dux Znn'ngiae, 799.

9331319133 93 9133331339, 197.

9311313133 93 7331331393 een 7331393, 992, 791,
331. 2; 799.

933131933 93 11133113, marescalcus demini pe·
131333933 1331313339, 921.

9331133933 93133131, 792, 799, 791.

9133311113 93 canen, 3331133 93 03131113, 992,
331. 1.

913333133,919.

9333113133 913133, 797.

9333133313, filine nimengheni 93 Cortona, 13-
bellio imperii, 199. “

1131331933 de 1313, 979.

93333333, miles potestatis Brixiae, 797.

Beneventum, 33133133 93 93333113, 797.

9331133133, Novaniensis episeopus, 791.

9331133133, iilius Gulieimi 93 93313313, 797.

9331133133 9333333, 31313113333911333, 999.

Bonam Caruilium, 9113313393 episeopus, 111.

9331333333 93 11333339333,911, 992, 719,

9311133 93 13191391 eeu Pappa 93 1131113113, ao·
mmmm

9313319113, 1333333339 epiecopus, 119.

91393933 (133333 9319311913) 93 8113331319,

913 ...... praepositnslilenbipnleneie]‚7⁰³.

9313319133, 9333333133 megdeburgensis, 999,
ffifflm

9313931933, Megdeburgensis 3133133, penten nr·
chiepiscepns, 991, 999, 999, 979.

9313931931, 9133931133ᾱί 93 9333133313, 929.

9313131933 93 03313113,333331333 ecelesiae
constantiensis, 911.

9313931933 93 0333133193, 999.

9333133933 93 91331993, 999, 991.

1333133333 33 1333333331, 313.

9311133933 9313131119319, praepositus, 999.

9311319313 93 0333113331 neu 9313133313, 919,
919.

9311319133 93 9331331313193, 999.

9311311, 799.

93131933, 991.

9., archidiacenus ecclesian 1331393339, 919.

9., 133131 praepositus coloniensis, 919.

9., praepositus de Tenue, 999.

0. 93 11393, 719.

G. 93 Sanisene, 991.

 

