1018 INDEX 8044484444.

787, 788, 794, 888, 887, 888 94994. 8, 899.

8444449444, 8994949948 9444999949, 887, 888, 889,
mmmmmm

8444449444, 8998449949 episeopus, 448, 444.

8444444444, 4449999949 9944994499, 888.

8444449444, 7489894999949 episeopus, 444.

8444444444,8944449499949 episeopus, 798, 887, 889.

8444449444,84949494499949 episcopm, 874, 878,
mmmmmmmmm
ammmmmmmmmmm
884, 888, 888, 889, 844, 887, 888, 884, 888,
994. 8,· 887, 884, 884, 888, 847, 888, 884,
888, 894.

8444444444, major praepositus Spirensis, 748.

8444444444 coloniensis, magister, 884, 888.

8444444444, 984999499 89 wida , 878.

4444444494, 989999499 89 wida, 449444 8994494.

8444449444, 9999494499 89 4994994999, 888.

8444449444, (9949494499 89 8949948949, 874.

8444449444,999499 49999499 9499 4998944449, 999 89
899944, 844, 848, 884, 888, 888, 878, 787.

8444449444, 9944499 89999449, 898, 788, 787.

84944994, 994999 89 8494449, 848.

8444449444, 994999 84 4749499, 744.

8444449444, 994994 89 Gemino 89949, 848.

8444444444, 999499 89 (4498998998, 488, 848.

8444449444, 99949989 89449994949, 848.

84444494, 999449 89 4999, 444.

8444449444, 499499 89 89999949 999 89444449,
888, 888, 899, 898, 898, 897.

84944949, comes 89 0444944949, 9499 0449948949,
9499 8984989498, 874, 877, 888, 884, 888,
898, 894, 898, 894, 898, 897, 884, 888, 848,
mmmmmmmmm
mmmmwmm.

8444449444 (napo), 994999 palatinus 89499499 94
landgravius Thuringino, 874, 888, 898, 848,
444, 44 4, 444, 999, m 449, m m m
m 499, 494, 444, m 944, m 949, 994,
mmmm

8444444444, 994999 9449449449 Rheni 94 894 8949-
9449 9449 89 8499944494, 888, 884 44 994. 4;
487, 488, 788.

8444449444, 999499 89 749449, 847.

8444449444, 994999 449 worda, 88449 sigeberti,
mmmmmmmm
Henricus‚dux Brabantiao,5u, 844, 788, 994. 8;
mmmmmmmm

84944994, 894 89 4949844498 999 89 89498949,
999 hamburgensis, 844, 888, 848, 888, 799,
884, 888.

8444449444, dux 89499499, 884.

8444449444, filius 99944449 49999499, 888.

8444449444, filius major 89949 8948989899, 888,

8444444444, 449494 89944 49944499, 784.

8444444444, imperator, 989.

84944494 84444444, imperator, 888.

84444994 8494498444, 788, 948.

8444449444 74444444, 788.

8494444444 0444444444, 448, 448.

8444444444 8444444444, imperator, 848, 788, 789,

84944994 849494, 4949949494, 888, 994. 4, 898,
898, 488, 784, 749, 788, 788, 787, 848, 898.

8444449444, 49949849 89 89499449 499 4444434494,
seu 8949899444, 889, 844, 888, 888, 898,
848, 848, 874, 879, 884, 747, 748, 788, 899.

84944494, 94949849 4449999949 94 laudemen-
949, 844, 888, 878, 787, 887.

89944494, 94949849 89 8949998949, 784.

8444444444, 9449998999 89 8994989449 949 89-
mmmmmmmmm
788, 784, 848, 888, 888, 898, 899.

84944494, 4449899949 9944494989, 847, 874, 988.

8444449444, 494 4994499, 889, 888, 884.

84944494, 494 (14944,774, 994. 4; 778.

8444444444, 494 Romanorum. 494 quoque 84944449
94 4494449 4944498499, 98, 994. 4; 888, 888,
887, 884, 888, 848, 884, 484, 488, 484, 478,
478, 498, 888, 848, 848, 888, 884, 887, 888,
884, 888, 888 94 passim, 787, 788, 994. 8;
’484, 788,9ο4. 4; 788, 994. 4, 784, 994. 4; 788,
994.4; 788,789,994.8; 777, 788, 888, 994. 4,·
mmmmmmmmm.

4449449444 84 44944 44944444), 889.

8444449444 84 8449448998, 747.

8444444444 84 8944444499, 8849 (44949444, 788.

8444444444 89 0949949, 94948999494499, 778,
994. 8.

8944444444 84 0898984498, 484.

8444444444 84 08944444, 878, 878, 877.

8444444449 84 8894444449, 499494 49944449 (forsan
48994), 898, 894.

8444444444 84 089998, 744.

8444449444 84 899449444444, 847.

8494499489 88444494, 848.

 

