mun Locossuu.
Nemus 99919, 320, 329.

nimi (monasterium )‚ 909.

99999999 (castellum 69), 306.

9999999, 365.

99999999, 793.

1999999999, 520.

999999ιά999, 595.

mucram, 595.

999999, 999.

9999999999, 595.

99999999 999 99999999, 592, 597, 597, 595,
QMMMQMWAEWQ
not. 9; 739, 790, 799, 753, 759, 755, 757,
mmmmmm

9999999999 (9999999), 757.

9999999 (99919999 de), 372.

9999999 9999999999, 959.

mouenheim 999 9999999999, 395, 327, 323.

9999999 apud Nummborg, 923.

9999999999, 372.

· 9999999999, 297.

99999 Albanus, 333.

mmmmfflmm

99999 699999, 993.

nom 19999999, 937, 933, 939, 999, 769999. 9.

mmmm .

99999 Ρ9999999, 393.

uon: 999999, 999. ,

nom 899999 999999, 599, 522, 732.

999999 9999999999 in Aasgau ( 9999999999),
593,,593. ·

99999 999 nassum, 995, 999.

9999999999 (99) fons, 297, 999. 9.

99999999, 579, 575.

mnemon, 739. .

9999999999, 595. ’

mmmmm&

9999959999, arx infra 1999999, 273, 999. ὁ.

9999999999 castrum, 392, 393.

99999 (fluvius),¹ 595.

9999999999 eeclesia, 559, 559, 766.

9999999, 595.

9999999, 909, 999. 2.

99999999, 396. · Ι

Naxum curia, 592.

Neapolis, 99, 59, 55, 57, 53, 72, 959 99 999. 9,·
937, 252, 253, 259, 996, 997, 752, 953 99
999. 9.

9999999999 999 1999999999 villu, 369, 369, 697,
693, 652.

Ν9999999(9991999 de), 535.
Noti vallis, 966, 957.
9999999999, 695, 999. 9.
Ν9999999, 733.
Ν999999999, 395. ·
99999999, 927.
Ν999999999999, 669.
Ν9999999, 693. vid. 199999.
monheim, 393.
9999 villa, 372.
mammae, 999.
9999999999 999 9999999999 (castrum de), 399,
999. 9; 392.
1999999999, 662, 635.

, Novaria civitas, 705, 796, 797, 735, 352, 993.”

Noviacum villa, 372.

Novum Fam, 795.

Novum Forum in Stiria, 593.

Novum 0999, 669.

MQQQQQQQM

9999999999 dioecesis, 633.

9999999999, seu 9999999999, 999 9999999999,
550, 552, 553, 562, 539, 599, 690, 609, 696,
mmmmmmwmm
677, 679, 639, 796, 797, 735, 926, 927, 996
99999. .

0999999, 595.

0999999999, m.

09999999 [abbatia de), 563.

09999, 375.

09999999, 396.

099999 flumen, 306.

099999, 573.

Omnium 8999999999 in 9999939999 conventus,
599.

099999, 627. ,

0999999999, 597, 603, 699, 639, 729, 390.

0999999999, 563.

0999999 (villa 99 ecclesia de), 339 99999. 3.
Forsan 0999.

09999999, 702.

099999, 990, 999.

09999999 sou 9999999999 (monasterium 69), 563,
696, 697.

00999 villa, 336.

0999 seu 09999 fluvius, 905, 993.

39999 civitas, 399, 396, 393, 352, 933, 796,
797, 793.

 

