1032 mnnx Loconlm
5999999999, 999 5999999999, 999 59599999, 597,

99999999, 999.

9999999, 555, 557, 559, 559, 759, 799, 795,
797, 799, 799, 799, 799, 799, 795, 955, 957,
not. 9; 999, 999, 997, 959, 995, 999, 599,
999, 999, 999, 959, 959.

,9999999999 99999999, 557.

99999999 ducatus 99 suriae, 979, 595, 959, 999,

99999, 595.

Aversa, 79.

999999, 999, 999. 9. “

999999 , 959.

5999999999, 595.

mmmmm, 799.

5999999999, 595.

59999999, 999.

59999999 9599999999), 799.

5999999999, 597.

599999, 999 99 999. 9.

59999999 99999999, 999.

Bonam 99999 99 urbs, 999, 999, 959.

59999999, 595, 999.

5999999, 995.

5999999, 759.

5999999999 provincia, 995, 997, 959.

5999599999 99999999, 599, 599.

5999999, 595, 599, 59 9, 599.

599999 viminis 99999999 juxta 9999999999, 559.

Beneventano 99999, 999.

59999, 599.

5999999999999 monasterium, 595, 997.

Berge (monasterium (99), 999.

mmmm, 799.

599999 (ecclesia in), 797, 759.

5999959999, 799.

flemma, 999, 895.

599999 (99999999 de), 979.

5999999999, 995.

5999999995, 999.

5999999, 999. ’

maturensis villa, ³72.

Bley 99199, 979.

59999, 599.

5999999999 civitas, 995, 997, 995.

5999995999, 599. Vid. Silva.

5999999, 599.

5999995999, 999.

5999999 civitas, 995, 997, 959, 999, 995, 795,
ΜΜΜΜΜΜΜΜ

599, 595, 595, 599, 599.
5997999999, 559.
5999995999, 999.
5999999 (99999999), 979.
5999999599999 marchia, 979, 979.
59999, 579.
5999999, 999.
5999999999 999, 599.
5999999999 (Porto 59999999 ad 999999 (999599),

’ 9999999999, 999.

599999, 999.

599999, 979.

599999 casu-um, 995.

5999999 999 5999999999, 599, 599, 599.

armich, 999, 999.

5999999999, 995.

999999, 999.

599999 civitas, 995, 997, 959, 999, 999, 795,
ΜΜΜΜΜΜΜΜΜ

5999999, 999.

5999999999 eeclesia, 999.

5999999, 599, 599.

5999959999 999 5999995999 (monasterium 59),

Brundusium, 95, 999. 9.

5999999919, 599, 759, 755, 755, 799, 799.

5934999999 99999999 abbatia, 975, 975, 559,

,999.

59999999 castrum, 759.

5999999 semei 59999999, 797.

5999999999, 799.

5999999999 villa, 999, 999.

599999, 959.

59999, 999.

5999999999 sive 5999999999, 799.

5999999, 999.

5999999, 975.

eadm, 999.

caesariem monaswfium, 599. vid. 5999999-
heim.

09999999, 997.

99995999,999, 959, 997.

999999999999999 metrum, 959, 957.

0999999999, 799.

99999999 (99999999 do), 995, 997.

Geminum, 999. ’

Campe insula, 999.

 

