lora mm 50009055.

abaraham, 597.

ramim, 555, 555.

amar, 555.

Bata, 555.

5955 sau 59555555 civitas, 575, 575, 575, 575,
555, 555, 555.

55555555, 555.

5555555555, 555.

555555, 599.

555555, 575.

5555555555(Ε5ι5555515)55115,559,555.5.

555, 555.

55555 castrum, 559,555.

appiam civitas, 505.

Erffordr'a civitas, 579.

55555555, 555.

Εω5555555555,755.

555555555, 555.

Erro, 577.

55555555, 575.

5555555555 sau 5555555555, 557, 555.

5555555 5555555555555.

5555555555, 595. via. Utarr'aa Vallia.

Eam, 555.

5555555559 aeclesia 55 civim, 559, 555,

5555555955 sau 55555955, rau 55555955, 555,
595, 555, 599, 595, 555, 555, 555, 555, 595,
595, 505.

19555555 (5551555555), 575.

ranam, 27⁰, not.⁴; 555, 555, 555, 555.

Faventia civitas, 555, 555, 555, 795, 797,
795, 957.

Far (eoelesia 55), 575.

5555555959.

Ferraria civitas, 555, 555, 555, 555, 795, 797,
795, 955.

ferrariam 05555555, 555.

Flaadrr'a, 557.

Plana, 555.

Florentia, 555, 555, 557, 559.

55955, 595, 555. 5; 590, 595, 505, 505, 555,
aar, 555, 555, 555, 555, 555, 555, 555, 555,
amaa.

fontanella, 955.

55551555, 555, 555.

5555555555555, 557.

5555555555 aaa Fraaakaafforram‚ 577, 575,
579, 555, 555, 597, 555, 559, 550, 555, 555,

mmmmmmmmm
555, 555, 559, 755, 755, 955, 955.

stanam, 555. via frankenfurt.

55555555, arr, noa r.

55555555, 555.

5555555555, 599.

95555555, 555.

9555555555555 rina, 575.

5555555555555555, 595, 555. 5.

5555555555 (mamardo), 555.

Fannia, 555.

Gaura civitas, 555, 550, 555.

Garama, 555.

camna, 555.

Garama, 555.

55555555, 555.

(55555555ωὸ55, alias 5055555555, 575.

5555555555, 55 5.

0555555555,5555555559555555,555505555555
ΜΜΜΜΜ

aarum, 599.

0555555555 (clausam 55), 555, 555. 5; 575.

Genusia (5555), 595, 595, 595, 597. .

5555555555 eoam, 959.

Germania, 555, 555, 759, 955.

Graiam firman, 955.

carrinarum, 555.

55550555 tarra, 555.

ortanam, 55 5, 555.

55555555, 555.

onomat, 755.

5555555555, 790, 705.

cadram, 55 a na. a.

55555555, 555..

Garlaria, 755.

55555νί55555 enam, 555, 555, 555, 557, 555.

Graecia, 959.

aratz seu 55555, 955.

5555555, 555.

5555555, 555.

arram, 555.

grammuvriamraaaatisfflataotd.
' 55555, 555.

5555555 sau Graaaaa, 575, 575.

aarum, 599.

555555555555555, 555.
Gaadakarr'aqra, 555.
55555055, 555.
05555555, 59555555. 5.

 

