1113311 NOMINUM.

3883581585, comcs 38 3511588 885 35188, 733,
mmmm

3883888585, dux 85588185 58 styriae, 353, 583,
538, 733, 858. 8; 853, 853 58 858. 8; 857,
mmwmu

3883888588, 3583855158, 587, 788.

3883888888, advocatus, 585.

3883888588, lilius lrmsgandac, ministerialis, 375.

3883888588, ministerialis 38 Nordlingcn, 587,

3883881885, quondam scultetus Bullensis, 588.

3883888585 35 388385835 5188 38855885985, 578,

3813888885 35 5888358885, 533.

3813881585 35 1188558, 583.

3813881888 38 3858589889, 538, 587, 538, 558.

3813588885 35 388385885838, 888.

3883888885 38 1888888385, alias 35 385888838838,

ΜωὼΜΜΜωΜΜ,
mmmm

3883888588 38 83589885, 3591188, 588.

3883888588 38 3888883885 sou 3888813885, 758,
753, 755.

5., Knsclulandcnsls abbas, 338.

5., &mauranus episcopus, 588, 753, 753, 757.

5., 3883885515 spiscopus, 757 .

5., burgravius 35 worda, 533.

5., cunnus 35 Sauniis, lcrsilan 35 3588, 388 88
858. 5.

5., lilius Godsiridi 35 135835, 388.

5. 38 388985185, 885.

5. 38 11883, 585.

5. 38 Romania, capellanus Papae, 385, 887.

5. 38 Scirum, 385.

5883558385, comcs, 388, 858. 3. Vid. 58388388,
comcs 35 3588558518.

5888888988, 888.

5881883888 188588, miles, 778, 858. 8.

5588588558, 3591158, 388. vid. 5858888588, 55-
8555518885.

5835, mulier 35 biucheim, 588.

55358388 scu 5858358385, ssu 5593588888, 588
5585388388, comcs 35 3588558518 858 38888·
8518, 558 1158855858, sacri imperii 18185115
mummmmmmm
355, 887, 885, 888, 888, 888, 385, 858. 5,·
887, 388, 788 58 858. u, 838, 877, 883, 388.

58388385, comcs 35 Purchcuscn, 585.

5838388385, 585.

5838388388(51858), 783.

5838388385 35 1188883885, 533.

5838388388315385 Sciclrlnprru, 338.

5833583888, 588, 585.

5835883888, salzpurgensis archiepiscopus, 583,

5888835 Albino, 9858588 351 1815385551, 385.

58888835 3513885, 385.

58858385, abbas 35 0888838885, 538, 585.

58858388, 3858888515 archiepiscopus, 383, 388,
Qfflmfflmmm

58888388, camararius, 353.

. 58858388, comcs 5818155, palat 0885815, 358,

55858385, comcs 35 Tullcnslsin, 758.

58888388 ,8885888 5185 incolumis, 5185 385515-
585, 388, 858. 3; 735.

58888388 38 3998551815, 338, 558.

58858385 38 3585553888, 838.

588388385, comcs 38 Lon, 387, 788.

5885883885, sylvester comes, 733 58 858. 8;

5885888388, 31188815 ordinis 185888, 587.

5883583888, comcs 38 nyza seu 31885538, 585,

5883888385, 55888855588881855351115,733.

5883888385 38 8158819 558 88588535, 588, 588.

58885585, comes 38 Voltangcn scu Vallnnghcn,
forsan Weldenz, 585, 858. 5.

58888585 38 38885988 558 38385988, 558 388·
88588588888ω88
538, 588, 557, 588, 883, 833, 358, 355.

58858385, Hierosolymilanus patriarcha, 379,
858. l; 888.

58885585 38 1898888985, 358.

5558358385, burgravius 38 llagdsburg, 587.

5858588385 38 7338588858, 788.

5558388385 38 (1858855835, 558.

58885853, 783.

5883888888, prior Knechstsdcnsis, 338.

5858385885 3888598885, marescalcus, 383.

5888388885 38 35833585, 533.

5885, archidiaconus 58 canonicus, 533.

51888385 3858888815, 888.

5811888985 35 11838889, 538.

5538351385, abbas 35 3588535188, 585.

5835351385, comcs urbanus, 783.

55383888, 858885, 783.

 

