INDEX 6061066667.

6ωωω66

7666666666, 665.

7666, 736, 737.

6666666666, 699.

Ulmo, 666, 666, 666, 766.

6666666666, 722.

66666, 699.

6666, 636 66 666. 3.

666666, 699, 766.

666666, 666.

66666666), 666.

6666666666, 666.

66666669, 666.

66666 Vallo (66616666 66), 666, 667, 722.
vid. 6666666666.

Utinam 66 Foro 16666, 366, 637, 636, 639, 666,
662, 966 66 not. 2.

66666666 (castrum 66), 626.

76666666, 993.

76666 8666666 Crucis, 6666666 6666666666
(monasterium 66), 669, 666. 6; 666.

Vallis 866666 6666966 66666666ιὶ666, 666.

Vallis 66666666, 666, 622.

6666666666, 666.

Velm, 698.

66666666 terra, 666, 666, 799.

76666666, 366 66 666. 6, 662, 666, 666, 666,
66666666

6666666666 civitas, 699, 666. 6; 662, 966.

6666666666, 667, 663, 636, 676, 676, 677,
963, 966, 666. 2; 966, 926, 926, 969, 969,

Venusiam, 676.

6666666), 626.

76666666 civitas, 923, 926, 926, 966, 666. 6,
969, 969.

Viam... villa, 372.

76666666 regnum, 666, 666, 799.

966666, 666. ’

766666 villa, 636.

6666666666, 66 6.

Vincunt villa, 372.

66666, 696, not. 6.

76666666, 766.

7666666666, 666, 776, 666. 6, 666 66 666. 6, 666,
626, 627, 662.

7666666666 ecclesia, 666, 666.

66666666), 666.

6666666666, 666.

lv. rma.

Volta 66666666, 969.

7666666666, 666.

66666666, 666.

6766666666, 666.

7666666τὲ66 (monasterium 66), 663.

666696666σὶ66, 623.

6666666666, 769, 776.

6766666666, 666.

6766666666 (monasterium 66), 676.

66666696, 626.

6166666666, 666.

76669666, 966.

6766666τὸ6666, 666.

6666666666 sive 6666666666, 726.

6666696666 666 6766666666 (monasterium 66),
626, 626.

67666666, 366. Vid. 866666 Petri Ι 66 66966
monasterium.

666666, 666.

6666666666, 666.

97666, 666.

666666, 669.

6666666669 mons, 696.

6676696, 666, 666.

werdo, 676, 666, 669, 623, 666, 676, 667, 666,

666666, 667. ,

9666666666, 697.

ι 66666 seu 06666666, 666, 666. 6.

6666666666, 666.

66666666, 666.

Wostmonastm‘um, 662.

7666666666, 666.

676666666τί6, 662.

6666666966 in Valle Uraniae (claustrum 66),
66 6, 666, 662.

maumam, 399.

6666666666, 636.

6766666, 926.

76666666, 667. vid. 6666666666.

6766666666, 769.

67666666, 666.

66666666 666 66666666 civitas, 666, 666, 667,
6Μ666Μ6

6766666666, 666.

6666666, 666.

monheim, 766.

67666666, 666.

6666666666 villa, 667. vid. 67666666.

166

 

