4698 14444944 4406044644.

Padus 644444, 999.

9444, 644.

94444444, 999.

Panormitam 44444444, 496, 497.

94444444, 944, 499, 494, 455, 464, 997.

94444444 villa, 999. ’

Papia, 766, 964, not. 9; 949 44 noi. 4.

9444444444 sive 944444444 4444444, 999, 949.

Parma villa, 964, nai. 9.

9444444444 villa, 979.

9444444444444 monasterium, 999, 999, 994. vid.
9444444444.

94444444, 544.

944944444ιεί4 civitas, 969.

944944, 946.

9444444444, 499, 644, 994, 999, 994, 799, 799,

Petalium, 999. vid. 9444444444444 momia-
num.

94444 44444 civitas, 994, noi. 4; 969

9444444444, 646.

9444444 villa, 979.

9449444444 castrum, 994.

94444444, 645.

9444444, 949.

944444 scu 9449444, 649, 444.4.

pichenbach, 999.

94444444444, 546.

94444444, 944.

Placentia civitas, 949, 949, 999, 499, 947, 949,
964, 994, not. 9.

Placia, 464. .

9444444444 villa, 979.

Plavis, 995.

9444444444 matis, 544.

Pola, 999.

94444, 699, 994.

Palea, 976.

9444444444, 997, 999.

9444444444, 994, 995, 996, 997.

9444444444 ducatus, 976, 974.

94494444, 546.

9444444444 conventus, 966, 967.

Porcia (monasterium monialium 444), 999, 999.

Porta 64444 (monasterium de), quondam 744-
4446444, 674, 675.

fortensis 44444444, 969.

944444 Ν44444 seu 444444 94444444, siva 944·

444444 in 9444 iulii, 944 ct 444. 4, 945, 966, Ι

957, 959, 969, 996, 994, 999, 969, 969 ai
444. 4, 975, nom.

9444444,945.

9444444444, 644.

9444444, 497, 469, 444, 444, 446, 449, 564,
569, 669, 996.

944944444, 994.

mancipatui, 946, 497, 499, 464.

9444444, 794.

944444444444, 994 44 noi. 5.

Provinciae marchionatus, 495.

9444444, 649.

94444, 645.

94444, 544.

94444444, 994 44 noi 4.

9444444444, 944.

94444444, 999.

04444444 seu cadarossa 44444, 964, 4444,

0444944444, 959. ·

0444444444 (castrum (44), 446, 449.

444444444999.

¹ liadicaphaaam, 999, 999.

444444 (ccclesia 64), 979.

9444444444, 644.

4444444444, 999, 994.

flammantum, 494.

4444444, 646.

4444444444, 645.

4444444444 civitas, 949, 656, 646, 949, 996,
994, 699.

cavanna civitas, 966, 997, 979, 979, 975, 977,
979, 979, 996, 999, 994, 995, nai. ⁴3 999,
996, 994, 999, 999, 994, 996, 997, 999, 966,
969, 965, 969, 969, 949, 969, 969, 499, 499,
997, 999, 999.

9444444449, 696, 697.

a 4444, 444, 444, aaa, 444, aaa, 444, aaa, 444,

479, 494, 499, 964, 999, 996.
Roaiam, 469, 964, noi. 9.
9444444444, 679.
nichomiam , 594.

4444444 fluvius, 999, 597, 699.

44444444, 946.

4444444, 794, 444. 4.

4444444449, 799.

44444444 Veronae castrum, 949.

444444 9444444444, 497, 499, 499, 469, 476.
9444444444, 999.

 

