1016

Gndesridus, Aquilugiunsis 0040400060, 764.

6060404600 6004440000, ansuinus 6006400400·
040, 699.

6060404600, numus 60 8400006040, 868.

6060404600, murchin, 444.

6060404600 60 440060, onmes, 444.

6060404600, numerandus, 699.

6060404600 iinon, 699.

6060404600 60 6000004040, 898.

6060404600 60 4704004046, 646.

6060004000, 'trajectensis praepositus, 448.

6040404600, 646.
6040404600, numus 60 6000400404ηο seu 400000·

40400, 668, 666, 694, 748.

6040404600, comus 60 70640000, 687.

604000604000, 06600 Burnsbnoensis ssu Brum-
buch, 674, 887.

6444404600, 744.

60464600 640400 80440000, 888 04 004. 8.

60464600 (inuis 8444046004 60 60004006, ssu
440ῃο4006, suu 4406004006, nonies 4400000040·
mmmmmmmmm
mmmmmmmffiffi
mmmmummfflwum
mmmmmm

Goisridus, filius Henrici ds 4446004, 668, 664,
000000

6046064600 suu 6060404600, imperialis 00100
cancellarius, 887, 847, 647, 744.

6080404600, miles 60 44060440 (04400), 764, 768.

mmmmm&

6044404600 60 80406000 suu 804060οο4, 764, 768.

604004000, Sancti Gisieni 06600, 768.

6000040, 788.

60004000, nibus 60 4400460000 ssu 440100-
60000, 687.

6009004οο IX, pnpu, 767, 768, 866, 876, 877,
ΜΜΜΜΜΜΜΜΜ
MQQMMQQQM
467, 467, 466, 478, 474, 477, 478, 476, 484,
umumumumumuffi,
mmmmmmmmm
mmmmmmmffim
mmmmmwmmm
smmmmmmmmm
884, 988, 986, 986, 944, 986, 948, 944, 967.

6009004ος 60 800040 Paion, 479.

6044406000 60 6044440, 796.

60040 60 Libida, 796.

nunus uouluuu.

60040, 8040400060, 0004400 liriniensis sp'zmopus,
mmmmmm

6004400οο 60 0000, 889, 848 04004. 4.

6000000400 sun Wumensu, 000 4700060000 60
44044006, seu 80440060, seu 80440060, sen
1400400600, 0006044αο640, dapifer, 777, 777,
mmmmmmmmm
mmmmmmwfflffi,
mmmmmffimmm
868, 898.

6004000400, 469.

60000800 0400 6600400 60 600000, meiius 60
6000400, p. 867, 004. 4, 949.

uumerus 60 nonunt (04400), 887.

60460,000400400 60000· iohannis numnius, 878.

60460, 04004000, 878.

60460 6000000 , 787.

60460 60 niumm, 848, 868.

60460 60 dauid, 797.

0004040 nuo, 000, noi. 0.

604604400, Luccunsis sindicus, 446, 446, 447,

6044400600 0400 8444006040, ssu 044000 minus
buno Gumbsrius 60 400400, poissins 806000,
846, 848 04 004. 0, 867.

6044400600 60 4400400400, 847, 868.

6049440600ιο 60 800940, avus Gnigiismi 60 60·-
gio, 967.

i 6040440000 60 4400040, 966, 867, 68.

6044404000, rex Siciliae, 48 04 not. 4, 78, 86 04
004. 4, 87, 88, 88, 44, 67, 87, 488, 478,
ιωωψωαωωμω
04004. 6, 474, 478 04 004. 4, 488.

6044404000 41 , 48 04004. 4, 474, 748, 004. 4;
749, 777, 004. 4; 888, 488, 468, 678, 967.

6044406000, Valentinus 0400400, 896 04 004. 4.

6044406000, fliius Osmundi, 478, 479.

6044406000, marchio 60 Prusuynnh, 484.

6046040000, sindicus 60 sous, 684.

6044404000 6060600400, 479.

6044406000 600400, 488.

6044404000 700000000ωο000, 787.

6044404000 60 406440 04 iiiii ujus, 984, 004. 7.

6044406000 60 Scuto, 484.

6046040400 60 7440000040, 479.

6044404000 60 44004000, 478, 479.

6046040000 60 7406004040, vunnu 0040040440
vicentius, 974.

6044406000 60 4400000006, 787.

 

